204321568
205810674
205811151
204698000
205810668
205811151
204697785
205810725
205466186
205811152
204697747
204318374
205466186
205810630
206214141
204318413
205810458
204318426
205931620
204321571
205810674
204697832
204698000
205810674
204698000
204697829
204318374
204697784
204698003
205810442
204698000
204697785
204697763
206214141
205810725
204698003
204318423
204698003
204318374
205811151
204318413
203251988
205931673
205811151
205811145
204697785
204318426
205210739
205310140
205810674
204698003
205310139
205811182
205811145
205811152
206282273
204321572
205810725
205810674
205810725
204698003
205810685
204318409
205810725
205810725
205810725
204697784
204697749
202514583
204698000
204321571
205931620
204697832
204698000
202805959
204318411
202514583
204318412
205810725
205810268
204697785
206282273
205811151
204698000
205811145
205810678
205811151
204698000
205810439
202514583
205310139
205810442
205810725
205810438
205811145
205810678
205931673
204318411
204318412
204697785
205811182
205810439
202514583
204318374
204318409
204698000
205810279
205811152
205810674
204697829
204697826
204698003
202020658
205810725
203404947
202514583
205810442
205810725
205310139
205810668
204697785
205810442
204697784
202514583
205811145
204697829
204697829
206214141
205811151
202805795
206214143
204318411
204697785
205811155
205810048
205810442
205810048
205811145
205810725
205810442
205810452
205811152
203404946
205810725
204318412
204318426
205810725
205811145
205810439
204697785
205810626
205810438
205810725
204698003
205811145
205810438
205811145
204697763
205811152
206214141
204697829
204698000
205810725
205810678
205811145
204697749
203163882
205810630
205811179
205811145
205931673
205810442
204318409
205810732
205811145
204698003
205810725
205810630
205811145
206214141
202805773
205810442
205810674
204697784
206214141
204697784
204316658
205811145
205810732
205811145
205810725
206214143
202514581
205210739
205810458
204698000
206282271
205810630
204318424
205810460
205811182
204698000
205810626
203404946
204698000
205810732
205811145
204318411
205810438
205810438
205810725
202514583
204697832
206214143
204698003
204318424
205811145
202514583
205811145
204318425
205811152
205810505
205811151
205810439
204318425
205810648
202514583
204697786
205811182
205810668
204318373
204698003
205811145
205810438
204318426
205811151
205811145
204318427
205810439
204697832
203404946
205810263
204318409
205811152
205810048
205810630
205810470
205811145
204698003
204318411
205811145
205811152
205810678
204318410
202514583
202514581
205811145
205810451
205810458
205810257
205310139
204318411
205810678
204318371
205810460
202514587
205811145
204697785
204697785
202020658
205810165
202514583
204697785
205810442
204321571
205810668
205811157
205810725
204697785
205810732
205810048
205810725
205810678
205811151
205810725
204318424
204316658
205310139
202514581
204318426
205810725
205310139
205810460
206214141
203404940
204318426
205810438
202514583
204318425
205810725
204318412
204318423
205810626
203404946
205811145
204697785
204318371
204697786
205811152
204318426
205810062
204318426
205810725
203404946
205811165
205810668
204697784
204318426
204318427
202514583
205931673
204697832
205811152
202020658
205810725
205810674
205810725
205810439
205810678
205810725
204697763
202514583
205310140
205810438
205810460
205811157
205811145
203404946
205810438
204697763
204318409
205811152
205810438
205810678
206214141
205810732
205811145
205810674
204697784
202514583
204318411
204698000
205310140
205810732
205810725
205810442
205811179
206282270
205810439
205810732
205811145
205810668
204321571
205810725
204698003
205466186
205810460
204698000
205811145
205810438
205811182
205811165
205310139
205810439
205811152
204697748
205811178
205810442
205811151
204318411
205810442
204318426
204318411
204697784
205810674
205810725
205810732
204318372
204318426
204318371
203251988
205811152
204318374
205811182
204697784
205811165
205810732
205811145
204318411
204697785
202514583
205811145
205810442
204697785
205810442
204697832
205310139
205811145
205811145
205811151
205810449
205811145
205810442
205810678
205810725
204318409
204698003
205810725
205810439
205210739
205811145
205810725
204697785
204697829
204318424
204698000
205811145
203404946
204318426
206214143
205811182
204318426
204318411
204697784
205810731
205810725
204697785
203404946
205810725
202020658
205811145
205811152
205811145
205810725
203404946
204318423
206282273
204318409
205811145
205811145
205810630
204318411
204318425
204697749
205810732
205811145
204318411
205811151
204318409
205810263
205810732
204698003
205810725
205811145
205810438
205811152
204318413
205810281
204697785
205810268
205810438
205810439
205811152
205811157
204698000
204697785
205810674
205811151
204697763
203404940
204698003
204318409
205810674
204697785
204318411
204318413
205810268
205811145
202514585
204318426
205810668
203404946
205810439
205811151
204318427
204317752
205810439
205811165
205811145
204318413
204318411
205810439
204697785
203404946
202514579
205811156
204697786
204317752
204697784
205810452
205811151
205811145
202514583
205810439
203404946
204318426
205811155
205811145
205811152
204318398
205811165
205811151
205810630
205810442
203404946
204318411
205810439
204318374
203404948
205810668
205811182
204698003
204697829
204318426
205810674
206282270
205811145
205310139
204318371
205811145
205810260
205811145
204698000
205810732
204318371
204698003
205810630
204318411
205811152
205810725
205810657
205810048
202514583
203404940
205811151
204698000
205810725
205810438
205810725
204318427
205810732
205810725
203404947
205810035
206282273
204698003
205810260
203163878
203404947
204318423
205810458
203404946
205810725
203404946
205931620
205810732
204318427
204697785
205810439
203404946
204318413
204697784
205810725
205811178
205810674
205810438
205811145
202514577
205810462
205811145
205310140
204318423
205811182
205810438
204318409
204698003
205811152
205810050
204697784
202514585
202514581
204318409
204318426
204697785
203404940
205811151
205810438
205310140
204697763
205810439
204698000
205810470
204318423
204321571
204697746
205811145
204697749
204318411
205810452
202514581
205310140
205810678
205810678
206214143
203251988
205810674
202514583
205810439
204318423
204318424
204697784
204697829
205810725
203222955
205810674
205810451
205810268
203404940
204697785
205210739
205811152
205810439
204316658
205810458
205810442
204698003
204318409
205931620
204316658
204697785
205810725
205310140
205810725
205811165
204318426
205810648
205811152
205810268
205811151
204697832
205811145
205811145
204697785
205811152
205810725
205810449
204698000
205811182
205810452
204318413
204697832
202514583
205811145
205810460
205810668
205810732
204698003
204698003
204697829
203404946
202514581
203404945
202514587
205810732
204698003
205310140
205811152
202514583
205811151
202020658
205811151
205810442
205810678
203222955
205810710
204697746
205810678
205811155
205310139
204698000
205811145
205810732
205811151
205810732
204698003
205810732
204318413
205810260
205811182
205810732
205811152
203404940
205810452
205811152
204697785
205310140
204697786
205810725
205810732
205811145
205810725
205810725
204697832
204698000
205811151
204697747
204318411
204698003
204318411
203404946
205810732
204318426
205810674
205931620
202514583
205810438
203404940
204697785
203404940
204698003
204697749
205810678
204318374
205810442
205810257
205810725
204697785
204697829
205810268
202514581
202514583
204697784
204321571
205810725
205810725
205466186
205810054
205811165
204318412
205466186
203404940
205810732
203404940
205811152
205810439
205810732
205811152
204698000
206214141
204697785
204698000
204318411
204698003
204321571
205811145
204698003
204697784
204318374
205811152
203404946
205810725
205810725
204318426
204698003
205310140
204318409
202514583
205811145
205810725
205810725
204298980
204698003
204697785
205810449
205811165
205810725
205810460
205811151
205811145
204697786
205210739
204698000
204318411
205810438
204698003
205810626
205810674
204318411
205811145
204698003
204316658
204697747
205810725
204697784
205810630
205810648
204698000
205810725
204318411
205810460
205931648
205811145
205310139
205810165
205811178
206214141
205310139
205811145
205810442
205811145
203213750
204698003
204698000
204318411
204697785
204318413
205810125
205811145
206214141
204698000
205811151
205310139
204698003
204318411
205810710
204318374
205811145
203404940
204318411
205811145
204318426
205811152
205810685
205810678
204318426
205811145
205811165
205810668
204697785
203222966
202020658
203404946
204697829
205810732
205811152
205811145
205810732
205810439
203404940
205810678
204697784
204698000
205811152
205811145
205811151
204697785
205811145
205810725
205810732
205811145
205310139
204697829
204698003
204318374
205810725
204318413
204318426
204318409
203222963
205811145
205810054
206282273
205811145
204698003
205811145
202514579
204318413
204321571
204316658
204318411
205811145
204698003
204318424
204321571
205310140
205810439
204321568
205810048
205810674
205810439
205810732
205810626
203404946
204698003
205810268
205810439
203404946
204318426
205810732
204318426
204697784
205811152
204697749
205810452
204697784
206214141
205810452
205466186
204697785
203222960
206282271
205810648
202514583
205810725
205810438
204697784
205810678
204697785
204318411
204698000
204318412
205810725
204318374
205810674
204698003
204698003
204697832
204698000
204698003
203404946
204318374
205810643
204318411
205810048
205811145
205810438
203222960
205810047
205810674
205811151
202514583
205810732
204318373
204321571
204697829
206214141
204698003
203163885
205810439
205810725
205810442
205810725
204698000
205810732
204318423
204698003
205810674
205810449
205466186
205810732
205810048
204317752
205811182
205810470
205810449
205811145
204697785
205810438
204698003
205810257
204318413
205810460
205810439
204697786
204318425
205811151
204318374
205811152
202514583
206214141
203404946
205310139
205811155
205810725
204698003
204318371
205810725
204318409
205811151
204697785
206214141
205810725
205810725
205811152
202514577
205810438
202514583
204698000
205811152
204697832
204697786
205810678
205811145
204318413
205810439
203404947
205811145
206214143
205810710
205810180
205810268
204318425
206214143
202514583
205811152
205810263
205210739
204318373
205310140
205810725
205810674
202514577
204698003
204318411
205810442
204318426
203163882
202514583
205811151
204318423
204318413
205810732
205811151
204321572
204697785
204316658
204698000
205810725
204697785
204318409
204318411
204698003
204318426
205810725
205810449
205310140
205811145
205811151
206282273
205811151
205810281
204697785
204697785
204697829
204697785
204298980
204697785
205931673
205810725
205810438
205810438
205810674
205810281
204318371
204697785
204698003
203404946
204318426
204321568
206214141
205811152
205810668
205210739
205811151
204698003
205810725
205811145
205810452
205810725
204697785
205810451
204698003
204698000
206214141
204318411
205810458
204318411
205810678
205811151
206214141
203404947
205810725
205811152
205810630
205810165
206214143
204697749
205811145
205810725
202514585
203222963
205811165
205811151
205811151
204698000
205810460
205810732
205810048
205811145
204697785
205310140
204697832
205810732
204318424
205811145
205811145
205810725
204698003
205811151
205310139
205810668
204318411
205811151
204318425
204321568
205811165
204697829
205810442
205810438
205466186
204697829
204318412
204697829
205310139
202514587
205810678
205810725
203404946
204697785
204697831
204318413
205811145
204697831
204697829
204697785
204697785
204318427
205810710
205810452
205810438
204698003
205811182
205810449
204697786
205310139
205810732
205810630
205810725
205811165
205810685
205810725
205810732
205811152
204697785
206350060
205811165
204321568
205810439
204698003
205810286
204318409
202514581
205210739
204318413
202514583
205310139
205811151
204321568
205810458
205810668
204697829
205810732
205810460
204698000
204697829
205810452
205810732
205810725
205811145
205810732
205310140
204318411
205810439
204321568
204697763
205810452
205811145
205810674
205810451
205810452
205811165
204697784
206282273
205811145
204697784
205810451
202514583
205810678
205810263
205810674
205810458
204698003
205810452
204318410
205811178
205810438
205811165
204698000
203222960
205810725
205811151
205810674
204697784
204697832
205810725
203404940
205810630
202514579
204318411
205310139
205210739
205810643
205811152
205810268
205931648
205811151
205811145
204697784
204317752
204697785
205810452
205810725
204318409
205310139
204698003
204318398
204318413
204318398
204318374
204698000
205810268
205810630
205811151
205810458
205811182
205810725
205811152
205310140
205811145
205810438
204698000
205210739
205210739
204698003
203213750
205310140
205810054
204318425
202514581
203404944
205810732
205811151
204321571
205811145
202514583
205310140
204318374
205810449
204318412
204697786
205810732
205310140
205310140
203404940
205810449
205810725
205310140
204321571
204318410
205810439
205810268
204698003
206282271
203404940
202514585
204318411
206214141
205210739
205810725
204698003
205811145
203404940
204698003
203222963
203404946
205810439
203404940
205811152
204698000
205811151
205810460
203213754
204698000
204697785
205811145
205811151
204697784
205810725
204318374
202514583
204697785
205811145
203404947
205810648
205810165
205810668
205810442
205810668
205931673
205811145
204697785
204318398
204697829
205810460
204318426
205810725
205811151
205810725
205811152
205810725
205810438
205810452
203404946
204697784
204698003
205810438
205810710
205810678
205810268
204318409
205810165
203213754
205810725
204318409
205810725
205810442
205811151
204318413
204697784
205810643
204321571
202514577
204318411
204697749
204318373
205811151
204318409
204318412
203213754
203222963
205810438
205810725
204697785
204698003
205810732
205810725
204318413
204698000
205810438
202514581
204321571
204318413
205811145
204318411
205810438
205810678
204697785
204698003
205810674
205810470
205810678
204698000
205810047
205810260
205811145
205811152
205810438
204321568
203213750
205811152
205810050
205810630
204698000
202514583
204698003
205810260
204698000
204318425
205466186
205810643
205811145
205810725
204698003
203222966
204318412
205810725
205810451
204698003
204697785
205811145
204698000
205811145
205811145
204698003
205811151
203404940
205810732
204318426
202514583
204318413
205810725
205310139
204318426
204698000
203404946
205310140
204698000
204697785
205810442
205810725
205810438
205810439
204698000
205810732
205810678
204697829
205810439
204698003
204697785
205810439
205466186
204698003
205810449
202514583
204697785
205811145
205810460
204698003
204698000
203404941
205811165
203404944
205810732
205811151
205466186
203404940
205811145
205811152
204698000
204697785
205810263
205811145
204318411
205810674
205810648
205810460
205310139
205810125
204698003
204318424
204697784
205210739
204697829
205811145
205810678
205811165
205810725
204318411
204697829
205810442
205310140
205810725
204318409
205810462
204318423
204318427
205310139
205811151
205810281
205810438
204697785
205810438
204697749
204318413
202514579
205810286
204697785
203213754
203213754
206214141
204698000
205811152
204698000
206214141
204698003
206214141
204318372
205810643
204698003
204318425
202514583
205811145
203222960
204697784
204698000
205310140
205810452
204318411
205810674
204697832
203404948
205810725
205810725
205811178
204698003
204697785
205810458
205810442
204316658
204318413
205310140
205810678
202514583
203404947
204318412
204697763
205810438
205310139
203213750
205210739
205810442
206282271
205810643
204698003
205811145
205811151
202514583
204697785
204318423
205931620
205810725
204318413
205811165
203404946
205810268
205810685
204697785
205811152
205810732
206282271
202514581
205810048
205811178
205810674
205811151
204697785
204318411
205810732
204697785
204697784
205811145
205811145
205811145
204318409
202514579
204698000
204321568
203404947
205811145
204318411
205811152
205811145
204698000
205810648
205810725
204698003
204698003
203404940
205810725
205810048
205810268
204698003
202514583
205811145
205810674
205810165
203404947
204318411
204318413
205811145
205810048
204698003
205811155
205810725
205810125
205466186
205810442
205811152
205811151
205810470
202514583
204318371
205810674
205810438
205811152
204318371
205810725
205310140
205310139
204318411
205810439
205810648
202514585
206282271
205811145
204318424
205310140
205810439
204318409
204318424
204318423
205810449
203856735
202514583
205811145
204318411
205810438
204317752
204318373
205811152
205810439
204318424
205810257
202514581
204321572
205810732
205810630
204697784
204298980
205810674
204318409
205810458
204318411
204697785
205810438
204318411
205811145
205810732
205810438
205810439
205810438
205810732
205310139
204697784
205810710
204318411
203163885
205810452
204318424
205811145
204698003
205810674
204697785
202514577
204698003
205810674
205810438
205810630
205811151
204318409
202514583
205811145
204321571
204318423
204318409
205811182
205811145
203404946
205810462
204318424
204698000
202514583
204698000
205210739
206282271
204697785
204697785
204698000
202514583
205810125
205810438
204318409
204698003
204318411
205310140
205810674
205811151
205811145
204318371
205810047
205811145
204318411
204318374
203404940
204697784
205810732
204697786
205810452
205810442
205810458
204318409
204318411
205810725
204316658
202514583
202514585
205811155
205811145
205810732
205811145
203404940
205810678
203222955
205810725
204698003
205810674
205810442
203222966
205811145
202514583
205811152
205810630
205811151
205811145
205810438
204697832
205811145
202514583
204698000
205811152
202514581
205810452
205811152
205811145
205810725
204318426
205810725
204698003
205810732
203404946
203222960
205810439
205810438
205810442
202514587
202514581
203163870
202514583
206214141
205810732
204318409
205810048
204318413
204698003
202514583
202514583
205810442
205811145
204698003
203404940
205811145
202806016
204318411
205310139
204318410
205811145
204697785
202514583
204318424
205811152
202514583
205811145
204697785
205810438
205310139
204318413
205811145
204321568
205810725
205810732
205810438
204697784
205810732
205810732
203404946
205811152
203404947
205811145
202514583
205810438
205810725
202514583
205810725
204318411
204318411
204318374
205810165
204697784
204697785
205811152
205810438
204318372
204697829
204698003
204318412
205810460
205811151
204698003
204697785
205810725
205310140
205810438
205810668
203404946
205810442
204318413
203404946
205810674
204697785
205810630
203222955
204698000
204697784
204318411
206282273
205810449
205810438
205810732
202514583
205811152
205810725
204697785
204318424
205310139
205811145
204698003
204697784
204697832
205810732
204318423
204697784
204318409
205810678
205810260
205811179
205811145
202514583
205810439
205810048
204697785
205811145
204698003
205811145
205810439
205811151
204698000
204697785
202514579
204698003
203213750
205811145
204698000
205811145
204698003
203404947
204698000
204698003
202514583
205810725
205810439
204318411
204318426
204698000
204698000
202514583
204697784
205811145
205810725
205810165
205811151
205811151
202514585
205310139
205310140
204316658
205810460
205810678
202514583
205810458
205810460
204698003
205810458
204698000
204318413
202514583
205810732
202514585
203222963
205811152
203404946
205810678
204698000
204318413
204317752
204697832
203404946
205811151
204318374
205810674
204697785
205811165
204318426
205810452
204318411
205810725
202514585
204698003
205466186
205810452
205811145
205811155
205811151
205810732
205210739
205810048
202514585
205811151
205810678
205810710
204318426
205811157
205811152
205810442
205811152
203404944
205810732
205810725
204298980
205310140
205810668
205810439
205310140
204698000
205810674
204697829
204698003
205810458
205811145
205810438
204318424
204318427
204697784
205810460
205810668
205810732
203404941
204318411
203404946
205811151
204698000
205810643
205810732
204697785
204698003
204697785
205810725
202514583
205810452
205810458
202514583
204697785
204697829
205810725
204318423
202514583
205810732
205811152
205810725
204697784
204698003
204318411
204698000
205811145
205810630
204697748
204698000
203222955
204318409
205810449
205811151
204698000
205810674
205810460
205811145
205810452
203222960
204697829
204318409
204697763
205810732
204321571
205811165
204698000
205210739
204318426
205310139
203163870
202514583
205811152
205810442
205810438
205810260
205810438
205811145
204318427
205810678
205466186
204318411
202514583
204698003
204318427
204318412
204318412
205466186
205810458
205310140
205810668
205810438
204698000
205811152
205810442
205810725
204318413
203404946
202514583
205310139
204318425
204698003
204698000
205811152
205810674
205810458
204077079
205310140
204698000
204697785
202514587
204316658
204697785
205810439
205466186
205811145
204318409
204698000
205810678
204697785
204697829
204697784
204318411
204318423
205810442
204697832
205811145
204697785
204318423
204318413
205810460
205810442
203222963
204698000
205810725
204698000
204077079
205811145
203213750
205811145
204318424
204318374
204698003
205810678
205810439
202514583
204698003
204318411
203404947
205310140
204697829
202514583
205811182
205811145
202514583
205810460
202514577
202514587
205810438
203404946
205310139
205810678
205810438
203404940
204318426
205810630
204698000
204318411
205810047
204697832
204318398
202514583
203222966
205810725
205810630
204318409
203404940
205810442
204697785
205810725
205811145
205810268
204698000
204697829
204698003
204697829
204697829
203222966
202514583
203404940
202514585
204318371
204697785
205811182
202514585
203213750
205811145
205811145
205810630
205210739
205810668
204318424
204698000
205810725
205810438
204698000
205811145
204318371
205811145
205810442
203404940
204698003
202514583
203404946
204697785
203404946
204318411
204318371
205811145
205810732
205811145
205810732
204318411
203213754
204698003
205810442
205810439
204318413
204697785
202514579
205810460
205811145
205811145
204318424
203163882
204318371
204318423
204077079
204697831
204318412
205810257
205810268
204697829
204077079
204318413
205811145
204697829
203213750
204697831
203213750
203404946
202514583
205810725
203856743
205811145
202514583
204697785
205810438
205310140
205810458
202020658
204318410
205811182
204077079
204318409
204318426
205811157
204697784
204318424
205810725
205810438
204318409
204318425
205810674
202514583
204318410
204318374
204698000
205810460
204077079
205310140
203213758
204318426
203222963
205466186
204318426
204298980
205810268
205810438
204697829
204318413
204318411
204697784
204077079
203222960
204698003
203222955
204697832
204698000
202514583
204698003
204318426
204318413
204318409
204321568
205810470
205811157
205810678
202514581
204697829
204318423
205811145
205810439
203404946
204321568
204698003
205310139
205310139
205466186
203404944
204698000
204318411
202514583
204697829
204697786
205810260
204698003
204697785
204697784
205810438
202514583
204698000
203222966
204697785
204697785
204318373
204318411
204697829
204318411
204077079
205210739
204697785
204318413
205811178
204698003
204318409
204697785
204321571
204698003
204697829
204318413
205810439
203404940
204318426
204318426
204697785
204697748
204318374
203222966
204698000
204321570
204321568
204698000
204698003
202514583
204318426
202514583
204077079
204318424
204697785
202514583
202020658
205210739
204318413
204697749
205810452
204697748
203404940
204298980
204697832
204316658
204697785
204698000
204698000
204318426
203856735
202514583
205810438
204698000
202514585
203404940
203222955
204321571
204318411
205310140
204697785
202514583
205811155
205810439
205310140
204077079
204697785
202514581
202020658
204697829
203404940
204077079
204698003
204698000
204698000
204698000
204698000
204321568
205810442
204698000
204321571
204697784
204318411
204318409
204697829
204318427
202514583
205466186
203163882
204698003
203404946
204321572
204077079
205810668
204318412
203222955
204298980
204698003
202514585
204697749
204318411
204697784
203404946
204698000
203404940
205810626
205811178
204318411
202514583
204318424
204318371
204318411
205466186
203222963
204697784
202514583
204698000
204698003
204698000
204697785
205310140
204697826
204697749
204697785
204321570
205810458
204697831
205810678
202514583
202514583
204321571
204698003
204321568
203404940
204698003
204697785
203404946
204318427
203404947
203222960
204697785
204697785
204697785
203404940
204698003
204318426
203404946
203404946
204697785
204698003
204318373
204697784
204697784
204697785
204318411
204697763
204697785
204321639
204698003
204318374
204698003
204698003
204077079
204318373
204698003
204698000
203404940
202514583
203213750
203222955
203222963
202514581
202514583
204698000
204318411
205310139
203404946
202514583
205310139
205310140
204697785
204697785
204316658
204697832
204318426
204697785
203222955
202514577
204697832
202514583
202514579
204318423
203404946
203222963
204697785
204698000
203404946
204698000
202514583
204318426
203856743
204697786
204698000
202514579
204697785
202514583
204697785
204318413
205210739
205310140
202514583
203222963
202514583
203163870
203222960
203404941
202514583
204698003
203222966
204318426
204697832
204698000
204698000
203404946
202514583
204318423
203222966
204321571
204698003
204697829
203213750
202514583
204318412
204318413
204318374
203404946
203213758
204698003
203404940
204318372
202514583
204697763
203404940
204698000
203222960
204697829
204698003
203404946
203404946
203404947
205310140
204698000
205310139
204698003
202020658
204697829
204697784
204318411
204698000
204077079
204697829
204698000
204321568
204698003
204698003
204318426
204698000
202514583
204318426
203222966
203163870
204317752
202514587
205310140
204077079
204318411
204697832
203222963
204698003
204698000
204697785
204318411
202514583
203213750
204698003
204321570
203404946
204697785
203222960
204321568
204697785
204697749
202514583
202514581
204318409
205310139
204318423
204697749
204318409
204698003
205310139
204697831
204321572
202514581
204698000
204318411
204697785
205310139
204697829
204697831
204698003
204321571
204697832
203213758
204318409
204698000
202514583
203404947
204697784
203404947
204698003
203222963
204697785
204697784
204697749
204697785
202514579
204697785
202514583
204318424
204698003
204697785
204318423
204077079
204697784
204697763
204318426
204318425
203213750
204318409
204318425
203404946
202514577
204697832
203222963
204698003
203404946
204698003
202514583
204697785
205310139
204697785
204697829
202514583
204697784
204318371
202514581
202514583
202514579
204318411
202514583
204318424
204698003
204318374
204317752
205310139
202514583
202514585
204697785
203213750
202514585
204318413
204318424
205310139
204698000
202514583
204698000
204318411
205310140
204697785
204698000
204698000
204697829
203404946
204697785
204318412
204697785
204697831
202514581
203404946
204318427
203404946
204697784
204697785
204321568
204318426
202514579
204318424
204318423
204318413
204698000
204697785
204697829
204077079
203222966
202514583
205310139
205310139
204077079
204697785
204318413
204077079
202584259
202514583
204318423
204318426
204077079
204697784
204318412
204318409
205210739
202514583
204321571
202514583
204318413
204697832
202514583
202514583
204318411
202514583
204697785
203404946
204317752
204318372
203213750
203213750
204697833
202514587
203404940
204318412
204698003
203404940
202514583
202514583
204698000
202020658
205310139
202514583
204698003
204318409
204698000
202514581
202514583
204318409
204697829
204318413
202514585
204697829
202514583
204698000
204698003
202020658
202020658
204697785
204318424
202514583
204318373
204698003
203222955
204697785
204318411
204318424
204318411
202514583
204318411
205310140
204698000
204698003
204697784
204318409
204697784
203404946
204697784
202514579
204321572
204318409
204318411
202514581
202514583
204318409
203404948
204318410
202020658
205310140
204698000
204697829
204698003
203404946
202514583
202514581
204318411
204321571
202514583
205310140
204321571
204318424
204698003
204318411
203404946
202514583
204077079
204698000
204318374
204318413
204698000
204318423
202514583
202514583
204318409
204318424
203163878
205310139
204318411
204698003
204318426
205310139
204077079
202514583
203222955
202514583
202514583
202514583
202514585
204697784
202514583
203222960
202514583
202514585
202514581
202514585
204318411
204697763
204698000
204697763
204697763
205310139
204697785
204698003
204698003
202514581
203404946
204698000
204697785
204697785
202514583
204697784
204318423
204318410
204318411
204698003
204698003
202514585
202514583
204318411
203163882
204321570
204698003
203404946
204697785
203404946
202514583
203404940
203213750
204318423
204317752
204697785
203404947
204318374
202514583
205310140
202514583
205310139
205310140
202514579
204318411
204318411
205310140
204698003
205210739
204698003
203404946
203404948
204318423
203856743
202514583
202514585
203222960
202514585
205310140
203404940
203163870
202514583
204698003
202514583
204318409
203856743
202514585
202514583
203213750
202514583
204697785
202514583
204318409
204318409
203404946
202514581
202514581
205310140
204318411
203404946
203213758
203404946
203404946
202514583
204318411
204318411
202514583
204318373
204697829
204318411
202514577
203222963
202514583
204698000
203222960
204697784
204698003
204077079
204077079
202514583
204697784
204697785
203222960
202514585
202514583
204697784
204697785
203404941
204697785
202514587
202514583
203856735
202514583
204698003
204698003
203222963
203404946
202514581
204698000
204698003
204697831
205310139
204318413
203222966
202514583
204318411
202514583
204697785
203404947
202514583
203222955
204698000
202514587
203404940
204318409
204318374
204698000
202514583
205310140
204318411
203222955
204318409
202514583
203404941
204697785
204318411
203222955
203163870
203222955
203404947
204698003
202514581
202514585
203213750
202514583
204698003
203404944
204698003
204697763
202514583
202514581
204318409
204318411
204318424
204697785
204318411
204698000
204318411
204318411
204697763
204697785
204698000
202514583
204317752
204698003
204318423
204697784
202514583
202514587
203222955
202514577
204697785
205310139
202514583
205310140
203213754
204318411
203163882
205310139
203404947
202514583
204697784
202514583
204318409
202514581
204698003
204318413
204318411
204697832
204697785
204698003
203404946
204697785
204318413
204698003
204318413
202514585
204698000
204317752
204698003
204698003
202020658
202514583
204318423
204318426
204698000
204318411
204318411
203222966
203404940
204698000
204318411
204697784
204697829
202514581
203404940
204698000
204698003
204318371
203404946
204698003
203404947
203222955
204318374
204698000
204698003
204698003
202514579
202020658
204318426
204318424
204698003
204698003
204698003
204318411
204698000
204318411
204077079
202514583
204318424
204697784
204318409
202514583
204698003
202514583
204321568
202514583
204698000
204318413
204077079
204698000
204318411
202514585
204077079
204318424
204077079
204698003
203856735
204318411
204318371
204697785
202514583
204697784
202514583
204697785
204318426
204697785
203404947
202020658
204697829
204698000
202514583
204698003
204697785
203163870
204318411
204698000
204698000
202514583
204318411
204698003
202514583
202514583
202584259
202514583
202514583
204697785
204697785
204697829
204077079
202514583
204698003
202514583
203163885
204318411
203163882
204318413
204698000
202514583
203213750
204697785
204318411
203222955
204698003
204697831
204697785
204077079
202514583
204697831
204698003
203222966
202514583
204318411
202514587
202514585
204077079
204697785
202514583
203404940
204318409
204697785
204697785
204698000
204698003
204698003
203163870
204318371
203404946
203404946
202514583
204318423
204698003
202514583
202514583
204318411
203222955
204318411
204697763
204318411
202514583
204318409
204698003
204697829
204318409
203222955
204697785
204697785
203404946
203404946
204077079
204318374
204697829
204318411
204077079
204698003
204318413
204697829
204318426
204698003
202514583
203404940
204697829
204697785
204697829
204697785
204318426
204077079
204698000
204318409
204698003
204698003
203404944
204318426
204698003
203213750
203404946
204698003
202514583
203163870
204697829
204318409
204077079
204698000
202514583
204698003
204077079
204077079
203222960
204698000
204698003
203163870
204698000
204318411
202514583
203404940
202514583
203213750
202514579
202514583
204318426
202514583
203404946
202514583
204318411
202514583
204318411
204697785
202514585
202514583
204318411
202514587
202514583
204697832
204318411
202514581
203404946
204318423
203222966
202514583
202514581
204318424
204077079
204697785
202514583
204318424
202514583
204318398
204077079
204077079
202514583
202514585
203404947
203404946
203163885
202514583
202514587
203404947
203404946
203213758
203404940
203404946
203222955
204077079
204077079
203163870
202514577
202514585
202514581
204077079
203222966
202514587
203404947
202514583
202514577
202514583
202514583
202514587
203222955
202514583
202514583
203213758
204077079
202514577
202514583
202514583
202514583
203404940
204077079
204077079
203404940
202514583
204077079
202514585
203213750
202514583
204077079
204077079
204077079
203163882
202514583
203404946
203213758
204077079
203404940
203163882
202514583
202514583
202514583
202514583
202514585
202514583
202514583
202514583
204077079
204077079
203222966
203222955
203404947
202514583
203222955
202584259
202514583
202514583
203856743
202514583
202514583
202514583
202514583
202514583
202514583
203222960
202514583
204077079
202514581
202514587
204077079
203222955
202514583
204077079
203163882
204077079
202514583
202514583
202020658
202020658
203404948
202514583
203404947
202514587
202514583
204077079
203213758
203213754
203404940
202514579
203404946
202514583
202514581
202514585
202514587
202514587
203222955
202514583
203404947
202514583
203404946
203163870
203163870
202584259
202514583
202514583
202514585
202514577
202514583
202514583
203404941
203404946
202514583
203404946
202514579
203404946
203251988
202514583
202514583
202514581
203213754
203404946
202584259
203163870
202514583
202514583
202514585
203404946
202514583
202514583
202514585
202584259
202514583
202514583
203163870
203404946
203213754
203222960
202514579
202514583
202584259
202514583
203163878
202514583
202514585
202514585
202514583
203213750
202514585
202514583
202514583
202514577
202514583
203163882
202584259
202514581
202514583
202514583
203404941
202514583
203404946
202514583
203213750
203213750
202514583
202514583
203163870
202514583
203213750
203213754
203404940
202514583
202514585
202514581
203404947
202584259
202514583
203213750
203404947
203163882
203213750
203213758
203222955
203404946
202584259
202514583
202514585
202020658
202514583
203404947
202514587
202514583
202584259
203213750
202514583
202514587
203404949
202514581
202514587
203163882
202514583
202514577
202514585
203213750
203222955
202584259
203163882
203163885
202514585
202514587
203222955
203213750
202584259
202514583
202514583
202514583
202514577
202514585
202514587
203404946
203222960
202584259
203213750
202514587
202514579
203222955
202514585
202514583
202584259
202514583
202514583
203404946
203213750
203213750
203222955
203163870
203404941
202514587
203404940
202514581
202514579
202584259
202514583
202514583
202514583
202584259
203404940
203222955
203404947
202514583
202514583
202514583
202584259
202584259
203404947
202584259
203213750
202514583
202514583
202514579
202514585
203222966
202514583
202584259
202514587
203222960
203404947
202514585
202514583
202514583
203222955
202584259
202514587
202514579
202514585
202514585
202514583
202514583
203222955
202514583
203222955
203222955
202514583
202514583
202514587
202584259
202514583
202514581
202514579
202514583
202584259
202514587
202514581
202514583
202514585
202514583
202514585
202514583
202514577
202514583
202514583
202584259
202514583
202514581
202514585
202514585
202514583
202514583
202514587
202514583
202514585
202514587
202514577
202514585
202514585
202514581
202584259
202514587
202514577
202514583
202514579
202514583
202514587
202514583
202514583
202514581
202514587
202514581
202514583
202514581
202514583
202514583
202514577
202514583
202514587
202514585
202514585
202584259
202514579
202514585
202514583
202584259
202514577
202514583
202514587
202584259
202584259
202584259
202514581
202514577
202514587
202514583
202514581
202514583
202514579
202514585
202514583
202514577
202514585
202514583
202514577
202514583
202514583
202514577
202514583
202514581
202514583
202514587
202514585
202514585
202514585
202514587
202514583
202514587
202514583
202514583
202514579
202514587
202514585
202514585
202514577
202514583
202514577
202584259
202514583
202514577
202514585
202514583
202514579
202514585
202514581
202514587
202514585
202514587
202514583
202514583
202514583
202514577
202514577
202514585
202514587
202514577
202514583
202514577
202514577
202514583
202514587
202514585
202514579
202514583
202514585
202514583
202514583
202514585
202514581
202514581202514581203163885
204697831
206282271
204318373
205810678
202514587
204318412
205810460
202584259
205810731
203856743
205810725
205810630
204697785
204318374
205210739
204697763
204698000
205811157
205810257
206282270
203222960
202805795
205810732
204321570
205810451
203404944
204697784
205810035
202020658
204698003
205810643
205810668
205810050
204077079
205811156
205810279
205810505
202514585
204318423
205810458
205810462
205810442
204321571
204316658
206214141
202805773
203404945
203222963
204318398
205811155
205810685
205931673
203213754
205310140
204317752
205811179
204697833
204318424
202514579
205310139
206350060
205810710
205810674
204697749
205811165
203251988
205810125
203404946
205810281
202805959
203856735
205931648
204318409
205810062
205810048
205811178
205810626
204697832
202514583
205810180
204318425
203222955
205466186
204697748
203163878
205810452
203163870
203404947
204318411
205810263
205931620
206214143
203404941
204298980
204318426
202514577
204697829
205810439
205810286
205810657
203404940
204697826
205810268
205810054
206282273
205810449
204318371
204318410
204697747
205810260
205811152
203404948
205810470
202514581
205810648
204318427
204321639
202806016
205810438
203163882
205810047
204318372
205811145
205810165
204318413
204697746
204321568
205811151
203213750
203404949
204321572
203222966
205811182
204697786
203213758
