202020658
202514577
202514579
202514581
202514583
202514585
202514587
202584259
202805773
202805795
202805959
202806016
203163870
203163878
203163882
203163885
203213750
203213754
203213758
203222955
203222960
203222963
203222966
203251988
203404940
203404941
203404944
203404945
203404946
203404947
203404948
203404949
203856735
203856743
204077079
204298980
204316658
204317752
204318371
204318372
204318373
204318374
204318398
204318409
204318410
204318411
204318412
204318413
204318423
204318424
204318425
204318426
204318427
204321568
204321570
204321571
204321572
204321639
204697746
204697747
204697748
204697749
204697763
204697784
204697785
204697786
204697826
204697829
204697831
204697832
204697833
204698000
204698003
205210739
205310139
205310140
205466186
205810035
205810047
205810048
205810050
205810054
205810062
205810125
205810165
205810180
205810257
205810260
205810263
205810268
205810279
205810281
205810286
205810438
205810439
205810442
205810449
205810451
205810452
205810458
205810460
205810462
205810470
205810505
205810626
205810630
205810643
205810648
205810657
205810668
205810674
205810678
205810685
205810710
205810725
205810731
205810732
205811145
205811151
205811152
205811155
205811156
205811157
205811165
205811178
205811179
205811182
205931620
205931648
205931673
206214141
206214143
206282270
206282271
206282273
206350060